64, 258~

#Old level 1
b_g_128_64, 64, 326, 128, 64;
b_g_128_64, 192, 326, 128, 64;
b_g_128_64, 320, 326, 128, 64;
b_g_128_64, 448, 326, 128, 64;
b_g_128_64, 576, 326, 128, 64;
b_g_128_64, 704, 326, 128, 64;
b_g_128_64, 832, 326, 128, 64;
b_g_64_128, 576, 230, 64, 128;

#Old level 2
b_g_128_64, 864, 326, 128, 64;
b_g_128_64, 992, 326, 128, 64;
b_g_128_64, 1120, 326, 128, 64;
b_g_128_64, 1248, 262, 128, 64;
b_g_128_64, 1376, 198, 128, 64;
b_g_128_64, 1504, 326, 128, 64;
b_g_128_64, 1632, 326, 128, 64;

#Old level 3
b_g_128_64, 1664, 326, 128, 64;
b_g_128_64, 1792, 326, 128, 64;
b_g_128_64, 2176, 198, 128, 64;
b_g_128_64, 2304, 326, 128, 64;
b_g_128_64, 2432, 326, 128, 64;
books, 2344, 272, 66, 40;!
