#Old level 4

64, 258~
b_g_128_64, 64, 326, 128, 64;
b_g_128_64, 192, 326, 128, 64;
b_g_128_64, 64, 188, 128, 64;
b_g_64_64, 288, 70, 64, 64;
b_g_64_128, 288, 294, 64, 128;
b_g_128_64, 576, 134, 128, 64;
#b_g_128_64, 704, 326, 128, 64;
#b_g_128_64, 832, 326, 128, 64;

#Old level 5

#b_g_128_64, 864, 326, 128, 64;
#b_g_128_64, 992, 326, 128, 64;
b_g_128_64, 864, 188, 128, 32;
b_g_64_64, 1088, 70, 64, 64;
b_g_128_64, 1376, 134, 128, 64;
b_g_128_64, 1504, 326, 128, 64;
b_g_128_64, 1632, 326, 128, 64;

#Old level 6
#Floor

b_g_128_64, 1664, 326, 128, 64;
b_g_128_64, 1792, 326, 128, 64;
b_g_128_64, 1920, 326, 128, 64;
b_g_128_64, 2048, 326, 128, 64;
b_g_128_64, 2176, 326, 128, 64;
b_g_128_64, 2304, 326, 128, 64;
b_g_128_64, 2432, 326, 128, 64;

#End floor

#Vertical pillar
b_g_64_128, 2016, 196, 16, 280;

#Vertical pillar 2
b_g_64_128, 1610, -4, 16, 280;

#Right Step One
b_g_128_64, 1950, 256, 96, 8;

#Left Step One
b_g_128_64, 1664, 132, 96, 8;

books, 2344, 272, 66, 40;!